Alcanivorax_pacificus_W11_5_NZ_CP004387.1
1 569605
569731 570262
570439 571463
571569 571877
571946 572035
572147 573507
573659 595934
596013 596832
596911 734728
734854 735385
735562 736586
736692 737000
737069 737158
737270 738630
738782 1464043
1464193 1771902
1771981 2282234
2282315 2313703
2313783 3178992
3178994 4168427
Aurantimonas_manganoxydans_SI85_9A1_NZ_AAPJ01000014.1
1 17195
Aurantimonas_manganoxydans_SI85_9A1_NZ_AAPJ01000016.1
1 1487
Aurantimonas_manganoxydans_SI85_9A1_NZ_AAPJ01000017.1
1 1438
Aurantimonas_manganoxydans_SI85_9A1_NZ_AAPJ01000018.1
1 1435
Aurantimonas_manganoxydans_SI85_9A1_NZ_AAPJ01000019.1
1 1408
Aurantimonas_manganoxydans_SI85_9A1_NZ_AAPJ01000020.1
1 1383
Aurantimonas_manganoxydans_SI85_9A1_NZ_AAPJ01000021.1
1 1364
Aurantimonas_manganoxydans_SI85_9A1_NZ_AAPJ01000022.1
1 1261
Aurantimonas_manganoxydans_SI85_9A1_NZ_AAPJ01000023.1
1 1246
Aurantimonas_manganoxydans_SI85_9A1_NZ_AAPJ01000024.1
1 1206
Aurantimonas_manganoxydans_SI85_9A1_NZ_AAPJ01000025.1
1 1182
Aurantimonas_manganoxydans_SI85_9A1_NZ_AAPJ01000026.1
1 1174
Aurantimonas_manganoxydans_SI85_9A1_NZ_AAPJ01000027.1
1 1163
Aurantimonas_manganoxydans_SI85_9A1_NZ_AAPJ01000028.1
1 1137
Aurantimonas_manganoxydans_SI85_9A1_NZ_AAPJ01000029.1
1 1109
Aurantimonas_manganoxydans_SI85_9A1_NZ_AAPJ01000030.1
1 1107
Aurantimonas_manganoxydans_SI85_9A1_NZ_AAPJ01000031.1
1 1092
Aurantimonas_manganoxydans_SI85_9A1_NZ_AAPJ01000032.1
1 1038
Aurantimonas_manganoxydans_SI85_9A1_NZ_AAPJ01000033.1
1 1029
Aurantimonas_manganoxydans_SI85_9A1_NZ_AAPJ01000034.1
1 1017
Aurantimonas_manganoxydans_SI85_9A1_NZ_AAPJ01000035.1
1 1000
Aurantimonas_manganoxydans_SI85_9A1_NZ_CH672387.1
1 78709
79738 107193
107214 150158
150179 336690
336772 336885
336955 339142
339226 340145
340303 585159
585180 1250656
1250677 1394025
1394046 1742861
1742943 1743056
1743126 1745313
1745397 1746316
1746474 2023882
2023903 2200295
2200373 3158859
3158932 3590607
3590628 3875934
3875955 4093837
4093858 4098796
4098914 4197326
4197487 4220813
4220895 4221008
4221078 4223265
4223349 4224268
4224426 4285343
Conexibacter_woesei_Iso977N_NZ_AUKG01000001.1
1 1469016
1469085 1488731
1488809 2479841
Conexibacter_woesei_Iso977N_NZ_AUKG01000002.1
1 1387706
1387778 1388181
1388309 1388457
1388531 1388742
1388831 1391665
1391773 1392000
1392079 1392292
1392398 1871678
Conexibacter_woesei_Iso977N_NZ_AUKG01000003.1
1 454982
455061 588819
Conexibacter_woesei_Iso977N_NZ_AUKG01000004.1
1 385802
Conexibacter_woesei_Iso977N_NZ_AUKG01000005.1
1 193635
Conexibacter_woesei_Iso977N_NZ_AUKG01000006.1
1 162419
Conexibacter_woesei_Iso977N_NZ_AUKG01000009.1
1 5375
Conexibacter_woesei_Iso977N_NZ_AUKG01000010.1
1 1951
Conexibacter_woesei_Iso977N_NZ_KE384217.1
1 1122
1312 5897
Desulfitibacter_alkalitolerans_DSM_16504_NZ_JHVU01000018.1
1 249474
Desulfitibacter_alkalitolerans_DSM_16504_NZ_JHVU01000021.1
1 1918
1984 193505
Desulfitibacter_alkalitolerans_DSM_16504_NZ_JHVU01000024.1
1 153108
Desulfitibacter_alkalitolerans_DSM_16504_NZ_JHVU01000025.1
1 118795
Desulfitibacter_alkalitolerans_DSM_16504_NZ_JHVU01000026.1
1 121066
Desulfitibacter_alkalitolerans_DSM_16504_NZ_JHVU01000027.1
1 75042
Desulfitibacter_alkalitolerans_DSM_16504_NZ_JHVU01000030.1
1 50622
Desulfitibacter_alkalitolerans_DSM_16504_NZ_JHVU01000031.1
1 49446
Desulfitibacter_alkalitolerans_DSM_16504_NZ_JHVU01000032.1
1 40979
Desulfitibacter_alkalitolerans_DSM_16504_NZ_JHVU01000033.1
1 657
775 1265
1410 27733
Desulfitibacter_alkalitolerans_DSM_16504_NZ_JHVU01000034.1
1 15200
Desulfitibacter_alkalitolerans_DSM_16504_NZ_JHVU01000035.1
1 13511
Desulfitibacter_alkalitolerans_DSM_16504_NZ_JHVU01000036.1
1 2127
Desulfitibacter_alkalitolerans_DSM_16504_NZ_JHVU01000037.1
1 1628
Desulfitibacter_alkalitolerans_DSM_16504_NZ_JHVU01000038.1
1 1587
Desulfitibacter_alkalitolerans_DSM_16504_NZ_JHVU01000039.1
1 1529
Desulfitibacter_alkalitolerans_DSM_16504_NZ_KK211100.1
1 50956
52467 483597
485148 487199
489455 493056
493182 556319
556735 1244626
Desulfitibacter_alkalitolerans_DSM_16504_NZ_KK211101.1
1 319819
320890 392086
393982 489133
489199 489529
489658 490965
Desulfitibacter_alkalitolerans_DSM_16504_NZ_KK211102.1
1 81893
84504 419454
419520 419850
419979 421427
Desulfitibacter_alkalitolerans_DSM_16504_NZ_KK211103.1
1 186663
187664 238958
239564 297781
297928 298418
298536 299192
Desulfitibacter_alkalitolerans_DSM_16504_NZ_KK211104.1
1 170948
171109 205952
207533 286588
Desulfitibacter_alkalitolerans_DSM_16504_NZ_KK211105.1
1 1737
1855 2345
2490 189636
190812 247701
Desulfitibacter_alkalitolerans_DSM_16504_NZ_KK211106.1
1 21503
22769 184380
Desulfitibacter_alkalitolerans_DSM_16504_NZ_KK211107.1
1 12095
14841 71120
Desulfuromonas_thiophila_NZ_FNAQ01000001.1
1 313032
313358 501858
Desulfuromonas_thiophila_NZ_FNAQ01000002.1
1 120493
120573 339575
Desulfuromonas_thiophila_NZ_FNAQ01000003.1
1 295391
Desulfuromonas_thiophila_NZ_FNAQ01000004.1
1 222861
Desulfuromonas_thiophila_NZ_FNAQ01000005.1
1 111360
Desulfuromonas_thiophila_NZ_FNAQ01000006.1
1 75300
75521 105888
Desulfuromonas_thiophila_NZ_FNAQ01000007.1
1 82390
84356 105035
Desulfuromonas_thiophila_NZ_FNAQ01000008.1
1 99781
Desulfuromonas_thiophila_NZ_FNAQ01000009.1
1 98747
Desulfuromonas_thiophila_NZ_FNAQ01000010.1
1 88012
Desulfuromonas_thiophila_NZ_FNAQ01000011.1
1 82133
Desulfuromonas_thiophila_NZ_FNAQ01000012.1
1 78710
Desulfuromonas_thiophila_NZ_FNAQ01000013.1
1 70871
Desulfuromonas_thiophila_NZ_FNAQ01000014.1
1 60403
Desulfuromonas_thiophila_NZ_FNAQ01000015.1
1 4232
4423 57817
Desulfuromonas_thiophila_NZ_FNAQ01000016.1
1 52358
Desulfuromonas_thiophila_NZ_FNAQ01000017.1
1 52422
Desulfuromonas_thiophila_NZ_FNAQ01000018.1
1 50317
Desulfuromonas_thiophila_NZ_FNAQ01000019.1
1 44155
Desulfuromonas_thiophila_NZ_FNAQ01000020.1
1 41870
Desulfuromonas_thiophila_NZ_FNAQ01000021.1
1 41101
Desulfuromonas_thiophila_NZ_FNAQ01000022.1
1 32335
Desulfuromonas_thiophila_NZ_FNAQ01000023.1
1 30689
Desulfuromonas_thiophila_NZ_FNAQ01000024.1
1 25517
Desulfuromonas_thiophila_NZ_FNAQ01000025.1
1 25167
Desulfuromonas_thiophila_NZ_FNAQ01000026.1
1 16868
Desulfuromonas_thiophila_NZ_FNAQ01000027.1
1 11855
Desulfuromonas_thiophila_NZ_FNAQ01000028.1
1 8529
Desulfuromonas_thiophila_NZ_FNAQ01000029.1
1 8347
Desulfuromonas_thiophila_NZ_FNAQ01000030.1
1 6072
Desulfuromonas_thiophila_NZ_FNAQ01000031.1
1 5826
Desulfuromonas_thiophila_NZ_FNAQ01000032.1
96 321
412 3214
3343 3750
3872 4056
4122 4265
Desulfuromonas_thiophila_NZ_FNAQ01000033.1
1 2839
Desulfuromonas_thiophila_NZ_FNAQ01000034.1
1 2730
Desulfuromonas_thiophila_NZ_FNAQ01000035.1
1 2167
Desulfuromonas_thiophila_NZ_FNAQ01000036.1
1 1984
Desulfuromonas_thiophila_NZ_FNAQ01000037.1
1 1749
Desulfuromonas_thiophila_NZ_FNAQ01000038.1
1 1323
Desulfuromonas_thiophila_NZ_FNAQ01000039.1
1 1040
Fluviicola_taffensis_DSM_16823_NC_015321.1
1 2480056
2480182 2752968
2753112 2753250
2753349 2753647
2754292 2754383
2754578 2756468
2756717 2757096
2757321 2876555
2876699 2876837
2876936 2877234
2877879 2879906
2880155 2880534
2880759 4633577
Gracilibacteria_bacterium_JGI_0000069_P22_ASND01000001.1
1 8305
Gracilibacteria_bacterium_JGI_0000069_P22_ASND01000002.1
1 23848
Gracilibacteria_bacterium_JGI_0000069_P22_ASND01000003.1
1 10990
Gracilibacteria_bacterium_JGI_0000069_P22_ASND01000004.1
1 165
167 9882
Gracilibacteria_bacterium_JGI_0000069_P22_ASND01000005.1
1 6614
6616 7475
Gracilibacteria_bacterium_JGI_0000069_P22_ASND01000006.1
1 5651
Gracilibacteria_bacterium_JGI_0000069_P22_ASND01000007.1
1 4726
Gracilibacteria_bacterium_JGI_0000069_P22_ASND01000008.1
1 4445
Gracilibacteria_bacterium_JGI_0000069_P22_ASND01000009.1
1 9410
9423 26435
Gracilibacteria_bacterium_JGI_0000069_P22_ASND01000010.1
1 12703
12705 13320
13322 17151
Gracilibacteria_bacterium_JGI_0000069_P22_ASND01000011.1
1 13152
Gracilibacteria_bacterium_JGI_0000069_P22_ASND01000012.1
1 12566
Gracilibacteria_bacterium_JGI_0000069_P22_ASND01000013.1
1 11396
Gracilibacteria_bacterium_JGI_0000069_P22_ASND01000014.1
1 10888
Gracilibacteria_bacterium_JGI_0000069_P22_ASND01000015.1
1 19220
Gracilibacteria_bacterium_JGI_0000069_P22_ASND01000016.1
1 7537
Gracilibacteria_bacterium_JGI_0000069_P22_ASND01000017.1
1 12323
Gracilibacteria_bacterium_JGI_0000069_P22_ASND01000018.1
1 95
97 18475
Gracilibacteria_bacterium_JGI_0000069_P22_ASND01000019.1
1 6689
6691 10539
Gracilibacteria_bacterium_JGI_0000069_P22_ASND01000020.1
1 6866
Gracilibacteria_bacterium_JGI_0000069_P22_ASND01000021.1
1 5296
Gracilibacteria_bacterium_JGI_0000069_P22_ASND01000022.1
1 12766
Gracilibacteria_bacterium_JGI_0000069_P22_ASND01000023.1
1 2842
Gracilibacteria_bacterium_JGI_0000069_P22_ASND01000024.1
1 14064
Gracilibacteria_bacterium_JGI_0000069_P22_ASND01000025.1
1 10665
10667 18612
Gracilibacteria_bacterium_JGI_0000069_P22_ASND01000026.1
1 4068
Gracilibacteria_bacterium_JGI_0000069_P22_ASND01000027.1
1 5715
Gracilibacteria_bacterium_JGI_0000069_P22_ASND01000028.1
1 19384
19456 21550
Gracilibacteria_bacterium_JGI_0000069_P22_ASND01000029.1
1 4946
Gracilibacteria_bacterium_JGI_0000069_P22_ASND01000030.1
1 9282
Ilumatobacter_coccineus_YM16_304_NC_020520.1
1 173405
173471 278857
278947 299320
299409 403338
403436 458845
458981 494544
494621 580511
580587 877119
877204 878935
879015 935257
935377 1131837
1131921 1186058
1186160 1392410
1392488 1788272
1788404 1956123
1956203 2055760
2055945 2311618
2312947 2313342
2313435 2313784
2314882 2315011
2316129 2423377
2423450 2544319
2544410 2619491
2619569 2658757
2658836 2678225
2678327 2715883
2715970 2927026
2927157 2927237
2928631 2928757
2929858 2930208
2930301 2930693
2931237 2931338
2932024 3089117
3089194 3247699
3247825 4022850
4022919 4374334
4374413 4374468
4374548 4429182
4429254 4470408
4470491 4830181
Magnetococcus_marinus_MC_1_NC_008576.1
1 275526
275611 276253
276325 276506
276572 278816
278926 3370743
3370853 3373095
3373163 3373344
3373416 3374058
3374143 3620181
3620291 3622533
3622601 3622782
3622854 3623496
3623581 4719581
Magnetospira_sp._QH_2_NZ_FO538765.1
1 432027
432106 2422697
2422834 2423342
2423546 2426202
2426705 2426910
2426999 2684883
2684960 3375815
3375907 3666562
3666699 3667207
3667411 3670459
3670566 3670774
3670863 4021307
Magnetospira_sp._QH_2_NZ_FO538766.1
1 31063
Marinomonas_communis_NZ_SNZA01000001.1
1 150806
150902 957133
957228 1371506
Marinomonas_communis_NZ_SNZA01000002.1
1 575095
Marinomonas_communis_NZ_SNZA01000003.1
1 429308
429402 432408
432564 537831
Marinomonas_communis_NZ_SNZA01000004.1
1 461746
Marinomonas_communis_NZ_SNZA01000005.1
1 341587
341682 343469
Marinomonas_communis_NZ_SNZA01000006.1
1 286736
Marinomonas_communis_NZ_SNZA01000007.1
1 108738
108838 156463
Marinomonas_communis_NZ_SNZA01000008.1
1 64159
Marinomonas_communis_NZ_SNZA01000009.1
1 49319
Marinomonas_communis_NZ_SNZA01000010.1
1 459
775 1136
1491 2093
2210 2950
3055 4629
Marinomonas_communis_NZ_SNZA01000011.1
1 3026
Methylobacter_sp._XLMV4_NZ_WUTY02000001.1
1 409601
410506 410676
410852 411222
411627 411733
411833 412847
412933 412988
413917 761570
762475 762645
762821 763191
763596 763702
763802 764815
764901 764956
765885 1133486
1133634 1133801
1134608 1135884
1135984 1136088
1136493 1136865
1137041 1137211
1138116 1425613
1425687 5075022
5075101 5241379
Methylobacter_sp._XLMV4_NZ_WUTY02000002.1
1 535303
Methylobacter_sp._XLMV4_NZ_WUTY02000003.1
1 69900
Mollicutes_bacterium_HR1_NZ_CP009415.1
1 2404
2515 321032
321034 321173
321175 1878735
Neisseria_sp._CSL_7565_NZ_CP031700.1
1 13890
14068 30631
30809 185875
186053 1822729
1822907 2423693
Nitrospina_gracilis_NZ_JAKJKD010000001.1
1 44763
44850 829393
829468 2013316
2013402 2013621
2013777 2014342
2014853 2015114
2015191 2015831
2015914 2016602
2016829 2017256
2017508 2017834
2018221 2136853
2136930 2197565
2197660 2267253
2267337 2440075
2440157 2667969
2668046 2828930
2829102 3069626
Nitrospina_sp._SCGC_AAA288_L16_AQTY01000001.1
1 48655
48735 223287
Nitrospina_sp._SCGC_AAA288_L16_AQTY01000002.1
1 116874
Nitrospina_sp._SCGC_AAA288_L16_AQTY01000003.1
1 86914
86995 104026
Nitrospina_sp._SCGC_AAA288_L16_AQTY01000004.1
1 18962
18964 103366
Nitrospina_sp._SCGC_AAA288_L16_AQTY01000005.1
1 74125
Nitrospina_sp._SCGC_AAA288_L16_AQTY01000006.1
1 68837
Nitrospina_sp._SCGC_AAA288_L16_AQTY01000007.1
1 41049
41902 44666
44739 44794
45133 45356
45473 65910
Nitrospina_sp._SCGC_AAA288_L16_AQTY01000008.1
1 34133
34322 58704
Nitrospina_sp._SCGC_AAA288_L16_AQTY01000009.1
1 3959
3963 39955
40045 42214
42308 42387
42474 57811
Nitrospina_sp._SCGC_AAA288_L16_AQTY01000010.1
1 55767
Nitrospina_sp._SCGC_AAA288_L16_AQTY01000011.1
1 53556
Nitrospina_sp._SCGC_AAA288_L16_AQTY01000012.1
1 23291
23293 51679
Nitrospina_sp._SCGC_AAA288_L16_AQTY01000013.1
1 50846
Nitrospina_sp._SCGC_AAA288_L16_AQTY01000014.1
1 6770
6847 48820
Nitrospina_sp._SCGC_AAA288_L16_AQTY01000015.1
1 45421
Nitrospina_sp._SCGC_AAA288_L16_AQTY01000016.1
1 44854
Nitrospina_sp._SCGC_AAA288_L16_AQTY01000017.1
1 41859
Nitrospina_sp._SCGC_AAA288_L16_AQTY01000018.1
1 36939
Nitrospina_sp._SCGC_AAA288_L16_AQTY01000019.1
1 35143
Nitrospina_sp._SCGC_AAA288_L16_AQTY01000020.1
1 34736
Nitrospina_sp._SCGC_AAA288_L16_AQTY01000021.1
1 34459
Nitrospina_sp._SCGC_AAA288_L16_AQTY01000022.1
1 34358
Nitrospina_sp._SCGC_AAA288_L16_AQTY01000023.1
1 32171
Nitrospina_sp._SCGC_AAA288_L16_AQTY01000024.1
1 30245
Nitrospina_sp._SCGC_AAA288_L16_AQTY01000025.1
1 28632
Nitrospina_sp._SCGC_AAA288_L16_AQTY01000026.1
1 27471
Nitrospina_sp._SCGC_AAA288_L16_AQTY01000027.1
1 25181
Nitrospina_sp._SCGC_AAA288_L16_AQTY01000028.1
1 24219
Nitrospina_sp._SCGC_AAA288_L16_AQTY01000029.1
1 21864
Nitrospina_sp._SCGC_AAA288_L16_AQTY01000030.1
1 20306
Nitrospina_sp._SCGC_AAA288_L16_AQTY01000031.1
1 19714
Nitrospina_sp._SCGC_AAA288_L16_AQTY01000032.1
1 18674
Nitrospina_sp._SCGC_AAA288_L16_AQTY01000033.1
1 15014
Nitrospina_sp._SCGC_AAA288_L16_AQTY01000034.1
1 14960
Nitrospina_sp._SCGC_AAA288_L16_AQTY01000035.1
1 13135
Nitrospina_sp._SCGC_AAA288_L16_AQTY01000036.1
1 12383
Nitrospina_sp._SCGC_AAA288_L16_AQTY01000037.1
1 11342
Nitrospina_sp._SCGC_AAA288_L16_AQTY01000038.1
1 11059
Nitrospina_sp._SCGC_AAA288_L16_AQTY01000039.1
1 11041
Nitrospina_sp._SCGC_AAA288_L16_AQTY01000040.1
1 10998
Nitrospina_sp._SCGC_AAA288_L16_AQTY01000041.1
1 10532
Nitrospina_sp._SCGC_AAA288_L16_AQTY01000042.1
1 9359
Nitrospina_sp._SCGC_AAA288_L16_AQTY01000043.1
1 9228
Nitrospina_sp._SCGC_AAA288_L16_AQTY01000044.1
1 8524
Nitrospina_sp._SCGC_AAA288_L16_AQTY01000045.1
1 8415
Nitrospina_sp._SCGC_AAA288_L16_AQTY01000046.1
1 8200
Nitrospina_sp._SCGC_AAA288_L16_AQTY01000047.1
1 7942
Nitrospina_sp._SCGC_AAA288_L16_AQTY01000048.1
1 7624
Nitrospina_sp._SCGC_AAA288_L16_AQTY01000049.1
1 7545
Nitrospina_sp._SCGC_AAA288_L16_AQTY01000050.1
1 7286
Nitrospina_sp._SCGC_AAA288_L16_AQTY01000051.1
1 7171
Nitrospina_sp._SCGC_AAA288_L16_AQTY01000052.1
1 6460
Nitrospina_sp._SCGC_AAA288_L16_AQTY01000053.1
1 6288
Nitrospina_sp._SCGC_AAA288_L16_AQTY01000054.1
1 6005
Nitrospina_sp._SCGC_AAA288_L16_AQTY01000055.1
1 5914
Nitrospina_sp._SCGC_AAA288_L16_AQTY01000056.1
1 5193
Nitrospina_sp._SCGC_AAA288_L16_AQTY01000057.1
1 4971
Nitrospina_sp._SCGC_AAA288_L16_AQTY01000058.1
1 4777
Nitrospina_sp._SCGC_AAA288_L16_AQTY01000059.1
1 4465
Nitrospina_sp._SCGC_AAA288_L16_AQTY01000060.1
1 4343
Nitrospina_sp._SCGC_AAA288_L16_AQTY01000061.1
1 4169
Nitrospina_sp._SCGC_AAA288_L16_AQTY01000062.1
1 4168
Nitrospina_sp._SCGC_AAA288_L16_AQTY01000063.1
1 4006
Nitrospina_sp._SCGC_AAA288_L16_AQTY01000064.1
1 3970
Nitrospina_sp._SCGC_AAA288_L16_AQTY01000065.1
1 3967
Nitrospina_sp._SCGC_AAA288_L16_AQTY01000066.1
1 3585
Nitrospina_sp._SCGC_AAA288_L16_AQTY01000067.1
1 3400
Nitrospina_sp._SCGC_AAA288_L16_AQTY01000068.1
1 3123
Nitrospina_sp._SCGC_AAA288_L16_AQTY01000069.1
1 2988
Nitrospina_sp._SCGC_AAA288_L16_AQTY01000070.1
1 2930
Nitrospina_sp._SCGC_AAA288_L16_AQTY01000071.1
1 2922
Nitrospina_sp._SCGC_AAA288_L16_AQTY01000072.1
1 2892
Nitrospina_sp._SCGC_AAA288_L16_AQTY01000073.1
1 2800
Nitrospina_sp._SCGC_AAA288_L16_AQTY01000074.1
1 2739
Nitrospina_sp._SCGC_AAA288_L16_AQTY01000075.1
1 2619
Nitrospina_sp._SCGC_AAA288_L16_AQTY01000076.1
1 2571
Nitrospina_sp._SCGC_AAA288_L16_AQTY01000077.1
1 2571
Nitrospina_sp._SCGC_AAA288_L16_AQTY01000078.1
1 2568
Nitrospina_sp._SCGC_AAA288_L16_AQTY01000079.1
1 2465
Nitrospina_sp._SCGC_AAA288_L16_AQTY01000080.1
1 2436
Nitrospina_sp._SCGC_AAA288_L16_AQTY01000081.1
1 2375
Nitrospina_sp._SCGC_AAA288_L16_AQTY01000082.1
1 2356
Nitrospina_sp._SCGC_AAA288_L16_AQTY01000083.1
1 2278
Nitrospina_sp._SCGC_AAA288_L16_AQTY01000084.1
1 2261
Nitrospina_sp._SCGC_AAA288_L16_AQTY01000085.1
1 2225
Nitrospina_sp._SCGC_AAA288_L16_AQTY01000086.1
1 2208
Nitrospina_sp._SCGC_AAA288_L16_AQTY01000087.1
1 2197
Nitrospina_sp._SCGC_AAA288_L16_AQTY01000088.1
1 2149
Nitrospina_sp._SCGC_AAA288_L16_AQTY01000089.1
1 2140
Nitrospina_sp._SCGC_AAA288_L16_AQTY01000090.1
1 2125
Nitrospina_sp._SCGC_AAA288_L16_AQTY01000091.1
1 2124
Nitrospina_sp._SCGC_AAA288_L16_AQTY01000092.1
1 2031
Nitrospina_sp._SCGC_AAA288_L16_AQTY01000093.1
1 1892
Nitrospina_sp._SCGC_AAA288_L16_AQTY01000094.1
1 1826
Nitrospina_sp._SCGC_AAA288_L16_AQTY01000095.1
1 1821
Nitrospina_sp._SCGC_AAA288_L16_AQTY01000096.1
1 1763
Nitrospina_sp._SCGC_AAA288_L16_AQTY01000097.1
1 1754
Nitrospina_sp._SCGC_AAA288_L16_AQTY01000098.1
1 1751
Nitrospina_sp._SCGC_AAA288_L16_AQTY01000099.1
1 1732
Nitrospina_sp._SCGC_AAA288_L16_AQTY01000100.1
1 1662
Nitrospina_sp._SCGC_AAA288_L16_AQTY01000101.1
1 1650
Nitrospina_sp._SCGC_AAA288_L16_AQTY01000102.1
1 1641
Nitrospina_sp._SCGC_AAA288_L16_AQTY01000103.1
1 1637
Nitrospina_sp._SCGC_AAA288_L16_AQTY01000104.1
1 1626
Nitrospina_sp._SCGC_AAA288_L16_AQTY01000105.1
1 1615
Nitrospina_sp._SCGC_AAA288_L16_AQTY01000106.1
1 1612
Nitrospina_sp._SCGC_AAA288_L16_AQTY01000107.1
1 1607
Nitrospina_sp._SCGC_AAA288_L16_AQTY01000108.1
1 1600
Nitrospina_sp._SCGC_AAA288_L16_AQTY01000109.1
1 1590
Nitrospina_sp._SCGC_AAA288_L16_AQTY01000110.1
1 1573
Nitrospina_sp._SCGC_AAA288_L16_AQTY01000111.1
1 1566
Nitrospina_sp._SCGC_AAA288_L16_AQTY01000112.1
1 1557
Nitrospina_sp._SCGC_AAA288_L16_AQTY01000113.1
1 1550
Nitrospina_sp._SCGC_AAA288_L16_AQTY01000114.1
1 1511
Nitrospina_sp._SCGC_AAA288_L16_AQTY01000115.1
1 1475
Nitrospina_sp._SCGC_AAA288_L16_AQTY01000116.1
1 1464
Nitrospina_sp._SCGC_AAA288_L16_AQTY01000117.1
1 1436
Nitrospina_sp._SCGC_AAA288_L16_AQTY01000118.1
1 1423
Nitrospina_sp._SCGC_AAA288_L16_AQTY01000119.1
1 1396
Nitrospina_sp._SCGC_AAA288_L16_AQTY01000120.1
1 1381
Nitrospina_sp._SCGC_AAA288_L16_AQTY01000121.1
1 1356
Nitrospina_sp._SCGC_AAA288_L16_AQTY01000122.1
1 1336
Nitrospina_sp._SCGC_AAA288_L16_AQTY01000123.1
1 1291
Nitrospina_sp._SCGC_AAA288_L16_AQTY01000124.1
1 1031
Nitrospina_sp._SCGC_AAA288_L16_AQTY01000125.1
1 876
Nitrospina_sp._SCGC_AAA288_L16_AQTY01000126.1
1 820
Nitrospina_sp._SCGC_AAA288_L16_AQTY01000127.1
1 777
Nitrospina_sp._SCGC_AAA288_L16_AQTY01000128.1
1 699
Nitrospina_sp._SCGC_AAA288_L16_AQTY01000129.1
1 699
Nitrospina_sp._SCGC_AAA288_L16_AQTY01000130.1
1 681
Nitrospina_sp._SCGC_AAA288_L16_AQTY01000131.1
1 662
Nitrospina_sp._SCGC_AAA288_L16_AQTY01000132.1
1 634
Nitrospina_sp._SCGC_AAA288_L16_AQTY01000133.1
1 588
Nitrospina_sp._SCGC_AAA288_L16_AQTY01000134.1
1 565
Nitrospina_sp._SCGC_AAA288_L16_AQTY01000135.1
1 563
Nitrospina_sp._SCGC_AAA288_L16_AQTY01000136.1
1 539
Nocardioides_albus_NZ_JACHXG010000001.1
1 266673
266684 665615
665696 669630
669747 731758
Nocardioides_albus_NZ_JACHXG010000002.1
1 113782
113871 701987
Nocardioides_albus_NZ_JACHXG010000003.1
1 38475
38571 248757
248768 591738
Nocardioides_albus_NZ_JACHXG010000004.1
1 590994
Nocardioides_albus_NZ_JACHXG010000005.1
1 303205
303303 537021
Nocardioides_albus_NZ_JACHXG010000006.1
1 143352
143449 195579
195590 441649
Nocardioides_albus_NZ_JACHXG010000007.1
1 407492
Nocardioides_albus_NZ_JACHXG010000008.1
1 259686
Nocardioides_albus_NZ_JACHXG010000009.1
1 219374
Nocardioides_albus_NZ_JACHXG010000010.1
1 196487
Nocardioides_albus_NZ_JACHXG010000011.1
1 109015
109113 163471
Nocardioides_albus_NZ_JACHXG010000012.1
1 137484
Nocardioides_albus_NZ_JACHXG010000013.1
1 130405
Nocardioides_albus_NZ_JACHXG010000014.1
1 118505
Nocardioides_albus_NZ_JACHXG010000015.1
1 99984
Nocardioides_albus_NZ_JACHXG010000016.1
1 92839
Nocardioides_albus_NZ_JACHXG010000017.1
1 59874
Nocardioides_albus_NZ_JACHXG010000018.1
1 47351
Nocardioides_albus_NZ_JACHXG010000019.1
1 34795
Nocardioides_albus_NZ_JACHXG010000020.1
1 31360
Nocardioides_albus_NZ_JACHXG010000021.1
1 22263
Nocardioides_albus_NZ_JACHXG010000022.1
1 1955
2053 11991
12090 17478
Nocardioides_albus_NZ_JACHXG010000023.1
1 11710
Nocardioides_albus_NZ_JACHXG010000024.1
1 304
500 2768
2866 3726
4616 5181
5247 5315
Nocardioides_albus_NZ_JACHXG010000025.1
1 1976
Nocardioides_albus_NZ_JACHXG010000026.1
1 1320
Oceanicola_granulosus_HTCC2516_NZ_AAOT01000082.1
1 1897
Oceanicola_granulosus_HTCC2516_NZ_AAOT01000083.1
1 1657
Oceanicola_granulosus_HTCC2516_NZ_AAOT01000084.1
1 762
856 1281
Oceanicola_granulosus_HTCC2516_NZ_CH724107.1
1 807
902 1461
1843 2238
2317 2602
2749 2958
3394 3653
3807 4445
4529 4772
5462 5718
5806 44480
44575 63483
63717 74770
74871 281088
281189 384970
385071 526169
526262 541376
541477 544742
544773 548634
548832 601013
601085 612887
612988 617825
617926 630308
630511 697498
697599 701520
701576 707132
707166 724784
724938 828959
828994 896578
896679 911097
912972 968875
968990 979987
980111 1001072
1001173 1016719
1016820 1061336
1061474 1069596
1069697 1253172
1253273 1277354
1277375 1335436
1335520 1374910
1375010 1487481
1487972 1534971
1535072 1569180
1569281 1735805
1735910 1771050
1771185 1775628
1775707 1785875
1785976 1808780
1808881 1829589
1829764 1882338
1882381 1897910
1898011 1960735
1960853 2011936
2012034 2014702
2014803 2077006
2077117 2456668
2456769 2488505
2488539 2544968
2545069 2563858
2563947 2580684
2582725 2593912
2594007 2594566
2594948 2595343
2595422 2595707
2595854 2596063
2596499 2596758
2596912 2597550
2597634 2597877
2598567 2598823
Oceanicola_granulosus_HTCC2516_NZ_CH724108.1
1 45467
45509 58736
58764 185880
186036 251854
251915 267185
267296 278339
278440 291967
292068 294672
294773 296855
296956 317922
318023 346281
346382 372251
372352 452166
452267 498076
498205 572606
572745 589446
589547 596215
596349 602520
602588 686631
686808 691911
693698 724678
724755 730961
731075 731443
731538 732097
732479 732874
732953 733238
733385 733594
734030 734289
734443 735081
735165 735408
736098 736354
Oceanicola_granulosus_HTCC2516_NZ_CH724109.1
1 807
902 1461
1843 2238
2317 2602
2749 2958
3394 3653
3807 4445
4529 4772
5462 5718
5806 49296
49397 78936
79037 171353
171726 202220
202321 283342
Oceanicola_granulosus_HTCC2516_NZ_CH724110.1
1 16731
17112 90981
91082 238077
Oceanicola_granulosus_HTCC2516_NZ_CH724111.1
1 19136
19232 132045
Oceanicola_granulosus_HTCC2516_NZ_CH724112.1
1 1017
1118 10198
10252 50633
50740 59405
Owenweeksia_hongkongensis_DSM_17368_NC_016599.1
1 1350277
1350510 1350884
1351277 1352011
1352197 1352315
1352403 1353015
1353095 1353815
1353925 1353983
1354070 1354355
1354527 1354734
1354811 1914435
1914668 1915042
1915435 1916169
1916355 1916473
1916561 1917975
1918100 1918155
1918229 1918514
1918686 1918893
1918970 3568200
3568277 4000057
Paracoccus_aminophilus_NC_022041.1
1 58442
58520 70320
70446 70702
70785 71259
71418 71644
71825 72542
72748 72985
73189 73422
73896 157538
157664 157920
158003 158477
158636 158862
159043 159760
159966 160203
160407 160640
161114 2512664
2512752 2911024
2911498 2911731
2911935 2912171
2912378 2913095
2913275 2913502
2913661 2914135
2914218 2914474
2914600 3220138
3220242 3613807
Paracoccus_aminophilus_NC_022042.1
1 30688
30814 31070
31153 31627
31786 32012
32193 32910
33116 33353
33557 33790
34264 118164
Paracoccus_aminophilus_NC_022043.1
1 294017
Paracoccus_aminophilus_NC_022044.1
1 206583
Paracoccus_aminophilus_NC_022049.1
1 438126
Paracoccus_aminophilus_NC_022050.1
1 202421
Porticoccus_hydrocarbonoclasticus_MCTG13d_NZ_JQMM01000001.1
1 436882
437115 438393
438496 439904
439994 440068
440145 440457
440649 694847
694953 2339429
2339508 2474654
Pseudoruegeria_aquimaris_NZ_FWFQ01000001.1
1 293886
Pseudoruegeria_aquimaris_NZ_FWFQ01000002.1
1 242227
242358 291784
Pseudoruegeria_aquimaris_NZ_FWFQ01000003.1
1 117798
117892 216974
Pseudoruegeria_aquimaris_NZ_FWFQ01000004.1
1 174925
Pseudoruegeria_aquimaris_NZ_FWFQ01000005.1
1 151962
Pseudoruegeria_aquimaris_NZ_FWFQ01000006.1
1 151580
Pseudoruegeria_aquimaris_NZ_FWFQ01000007.1
1 147600
Pseudoruegeria_aquimaris_NZ_FWFQ01000008.1
1 147366
Pseudoruegeria_aquimaris_NZ_FWFQ01000009.1
1 126981
Pseudoruegeria_aquimaris_NZ_FWFQ01000010.1
1 39844
39913 124682
Pseudoruegeria_aquimaris_NZ_FWFQ01000011.1
1 109840
109945 114539
Pseudoruegeria_aquimaris_NZ_FWFQ01000012.1
1 52770
52869 110938
Pseudoruegeria_aquimaris_NZ_FWFQ01000013.1
1 110543
Pseudoruegeria_aquimaris_NZ_FWFQ01000014.1
1 98253
Pseudoruegeria_aquimaris_NZ_FWFQ01000015.1
1 97810
Pseudoruegeria_aquimaris_NZ_FWFQ01000016.1
1 97153
Pseudoruegeria_aquimaris_NZ_FWFQ01000017.1
1 94406
Pseudoruegeria_aquimaris_NZ_FWFQ01000018.1
1 83860
Pseudoruegeria_aquimaris_NZ_FWFQ01000019.1
1 79060
Pseudoruegeria_aquimaris_NZ_FWFQ01000020.1
1 64730
Pseudoruegeria_aquimaris_NZ_FWFQ01000021.1
1 63881
Pseudoruegeria_aquimaris_NZ_FWFQ01000022.1
1 62267
Pseudoruegeria_aquimaris_NZ_FWFQ01000023.1
1 57563
Pseudoruegeria_aquimaris_NZ_FWFQ01000024.1
1 54307
Pseudoruegeria_aquimaris_NZ_FWFQ01000025.1
1 53782
Pseudoruegeria_aquimaris_NZ_FWFQ01000026.1
1 46042
Pseudoruegeria_aquimaris_NZ_FWFQ01000027.1
1 44273
Pseudoruegeria_aquimaris_NZ_FWFQ01000028.1
1 38711
Pseudoruegeria_aquimaris_NZ_FWFQ01000029.1
1 36740
Pseudoruegeria_aquimaris_NZ_FWFQ01000030.1
1 36658
Pseudoruegeria_aquimaris_NZ_FWFQ01000031.1
1 33516
Pseudoruegeria_aquimaris_NZ_FWFQ01000032.1
1 30875
Pseudoruegeria_aquimaris_NZ_FWFQ01000033.1
1 30375
Pseudoruegeria_aquimaris_NZ_FWFQ01000034.1
1 28877
Pseudoruegeria_aquimaris_NZ_FWFQ01000035.1
1 26066
Pseudoruegeria_aquimaris_NZ_FWFQ01000036.1
1 24606
Pseudoruegeria_aquimaris_NZ_FWFQ01000037.1
1 24491
Pseudoruegeria_aquimaris_NZ_FWFQ01000038.1
1 23620
Pseudoruegeria_aquimaris_NZ_FWFQ01000039.1
1 2723
2825 18943
19025 23081
Pseudoruegeria_aquimaris_NZ_FWFQ01000040.1
1 19666
Pseudoruegeria_aquimaris_NZ_FWFQ01000041.1
1 15998
Pseudoruegeria_aquimaris_NZ_FWFQ01000042.1
1 14682
Pseudoruegeria_aquimaris_NZ_FWFQ01000043.1
1 14611
Pseudoruegeria_aquimaris_NZ_FWFQ01000044.1
1 14455
Pseudoruegeria_aquimaris_NZ_FWFQ01000045.1
1 13215
Pseudoruegeria_aquimaris_NZ_FWFQ01000046.1
1 851
940 11444
Pseudoruegeria_aquimaris_NZ_FWFQ01000047.1
1 10942
Pseudoruegeria_aquimaris_NZ_FWFQ01000048.1
1 10869
Pseudoruegeria_aquimaris_NZ_FWFQ01000049.1
1 9921
Pseudoruegeria_aquimaris_NZ_FWFQ01000050.1
1 9128
Pseudoruegeria_aquimaris_NZ_FWFQ01000051.1
1 6317
Pseudoruegeria_aquimaris_NZ_FWFQ01000052.1
1 253
1015 1358
1446 1644
1735 1931
2094 2465
2583 2859
3030 3517
3716 4198
4402 4656
5316 5557
Pseudoruegeria_aquimaris_NZ_FWFQ01000053.1
1 5513
Pseudoruegeria_aquimaris_NZ_FWFQ01000054.1
1 2939
Pseudoruegeria_aquimaris_NZ_FWFQ01000055.1
1 2712
Pseudoruegeria_aquimaris_NZ_FWFQ01000056.1
1 1253
Pseudoruegeria_aquimaris_NZ_FWFQ01000057.1
1 794
Pseudoruegeria_aquimaris_NZ_FWFQ01000058.1
1 777
Pseudoruegeria_aquimaris_NZ_FWFQ01000059.1
1 743
Pseudoruegeria_aquimaris_NZ_FWFQ01000060.1
1 715
Shewanella_amazonensis_SB2B_NC_008700.1
1 56458
56593 56899
56973 57308
57395 224655
224790 225096
225170 225505
225592 276184
276319 276625
276699 277034
277121 283127
283262 283568
283642 283977
284064 436377
436512 436818
436892 437227
437314 1149695
1149767 1867848
1867983 1868289
1868363 1868698
1868785 3110971
3111058 3111393
3111467 3111773
3111908 4280891
4280978 4281313
4281387 4281693
4281828 4306142
Simiduia_sp._J_MY2_NZ_JACHXZ010000001.1
1 106867
106940 346801
346900 693818
693914 792011
792110 792610
792690 1273130
Simiduia_sp._J_MY2_NZ_JACHXZ010000002.1
1 44054
44152 170027
170120 416428
416524 835309
835407 841964
842044 890717
Simiduia_sp._J_MY2_NZ_JACHXZ010000003.1
1 736881
Simiduia_sp._J_MY2_NZ_JACHXZ010000004.1
1 113249
113348 649624
Simiduia_sp._J_MY2_NZ_JACHXZ010000005.1
1 96494
Simiduia_sp._J_MY2_NZ_JACHXZ010000006.1
1 42454
Simiduia_sp._J_MY2_NZ_JACHXZ010000007.1
1 26309
Simiduia_sp._J_MY2_NZ_JACHXZ010000008.1
1 15853
Simiduia_sp._J_MY2_NZ_JACHXZ010000009.1
1 313
465 974
1181 1245
1343 2407
2507 2662
2765 3338
3435 3495
3743 4960
Simiduia_sp._J_MY2_NZ_JACHXZ010000010.1
1 2991
Sphingobium_fuliginis_NZ_CP060035.1
1 515137
515213 1624062
1624143 2768038
2768182 2768269
2768352 2769403
2769506 2770033
2770112 2772027
2772196 3389351
Sphingobium_fuliginis_NZ_CP060036.1
1 313537
313603 316353
316456 317677
317817 787412
787556 787643
787726 788777
788880 789407
789486 791401
791570 1187212
Sphingobium_fuliginis_NZ_CP060037.1
1 387592
Sphingobium_fuliginis_NZ_CP060038.1
1 20017
Sulfitobacter_sp._NAS_14.1_NZ_AALZ01000006.1
1 383
457 997
1900 2093
2171 2268
2349 2925
3093 3206
3532 4029
4183 4595
4839 5206
5663 201284
201358 201898
202801 202994
203072 203169
203250 203826
203994 204107
204433 204930
205084 205496
205740 206107
206564 207158
Sulfitobacter_sp._NAS_14.1_NZ_AALZ01000007.1
1 179991
Sulfitobacter_sp._NAS_14.1_NZ_AALZ01000011.1
1 98301
Sulfitobacter_sp._NAS_14.1_NZ_AALZ01000017.1
1 23727
Sulfitobacter_sp._NAS_14.1_NZ_AALZ01000021.1
1 11882
Sulfitobacter_sp._NAS_14.1_NZ_CH959312.1
1 496737
497424 640243
640546 1104279
1104736 1105103
1105347 1105759
1105913 1106849
1107017 1107593
1107674 1107771
1107849 1108042
1108945 1109481
1109562 1394600
1395270 1567648
1567722 1568262
1569165 1569358
1569436 1569533
1569614 1570190
1570358 1570471
1570797 1571294
1571448 1571860
1572104 1572471
1572928 1573494
1573578 1953046
1953542 2228460
2228543 2295243
2295344 2467843
2467912 2691340
2691419 2818614
2818689 2881404
2882346 3045708
Sulfitobacter_sp._NAS_14.1_NZ_CH959313.1
1 24309
25610 38322
38486 116593
Sulfitobacter_sp._NAS_14.1_NZ_CH959314.1
1 8457
9544 104079
Sulfitobacter_sp._NAS_14.1_NZ_CH959315.1
1 8213
9035 19408
19509 93513
94049 98262
98429 102751
Sulfitobacter_sp._NAS_14.1_NZ_CH959316.1
1 15686
15874 100112
Sulfitobacter_sp._NAS_14.1_NZ_CH959317.1
1 2441
3270 20214
Synechococcus_sp._KORDI_49_NZ_CP006270.1
1 112302
112889 516886
516963 1246472
1249368 1249930
1251643 2087928
2089641 2090203
2093099 2358728
2359312 2585813
Syntrophus_aciditrophicus_NC_007759.1
1 739068
739140 739321
739387 739695
739882 742005
742114 742611
742737 3179300
Tenacibaculum_skagerrakense_NZ_SLXM01000001.1
1 363233
363410 609756
609832 902261
Tenacibaculum_skagerrakense_NZ_SLXM01000002.1
1 377915
Tenacibaculum_skagerrakense_NZ_SLXM01000003.1
1 227089
227187 346365
Tenacibaculum_skagerrakense_NZ_SLXM01000004.1
1 136991
137085 316461
Tenacibaculum_skagerrakense_NZ_SLXM01000005.1
1 1191
1290 312878
Tenacibaculum_skagerrakense_NZ_SLXM01000006.1
1 36365
36442 119901
119978 175881
175958 292242
Tenacibaculum_skagerrakense_NZ_SLXM01000007.1
1 241076
241156 276840
Tenacibaculum_skagerrakense_NZ_SLXM01000008.1
1 215077
Tenacibaculum_skagerrakense_NZ_SLXM01000009.1
1 144231
Tenacibaculum_skagerrakense_NZ_SLXM01000010.1
1 141976
Tenacibaculum_skagerrakense_NZ_SLXM01000011.1
1 94067
Tenacibaculum_skagerrakense_NZ_SLXM01000012.1
1 56406
Tenacibaculum_skagerrakense_NZ_SLXM01000013.1
1 54690
Tenacibaculum_skagerrakense_NZ_SLXM01000014.1
1 33994
Tenacibaculum_skagerrakense_NZ_SLXM01000015.1
1 28261
Tenacibaculum_skagerrakense_NZ_SLXM01000016.1
1 20500
Tenacibaculum_skagerrakense_NZ_SLXM01000017.1
1 19312
Tenacibaculum_skagerrakense_NZ_SLXM01000018.1
1 16673
Tenacibaculum_skagerrakense_NZ_SLXM01000019.1
1 16071
Tenacibaculum_skagerrakense_NZ_SLXM01000020.1
1 16041
Tenacibaculum_skagerrakense_NZ_SLXM01000021.1
1 5024
Tenacibaculum_skagerrakense_NZ_SLXM01000022.1
1 4686
Tenacibaculum_skagerrakense_NZ_SLXM01000023.1
113 412
528 847
1059 2385
2479 2591
2710 3061
3177 3319
4102 4323
Tenacibaculum_skagerrakense_NZ_SLXM01000024.1
1 3490
Tenacibaculum_skagerrakense_NZ_SLXM01000025.1
1 3473
Tenacibaculum_skagerrakense_NZ_SLXM01000026.1
1 2121
Tenacibaculum_skagerrakense_NZ_SLXM01000027.1
1 2064
Tenacibaculum_skagerrakense_NZ_SLXM01000028.1
1 1952
Tenacibaculum_skagerrakense_NZ_SLXM01000029.1
1 1252
Tenacibaculum_skagerrakense_NZ_SLXM01000030.1
1 1229
Tenacibaculum_skagerrakense_NZ_SLXM01000031.1
1 1025
Thioalkalivibrio_sp._ALJ17_NC_011901.1
1 401811
401898 976261
976345 1015432
1015616 1076351
1076460 2445119
2445209 2461609
2461699 2462112
2462187 2545102
2545293 2545531
2545606 2545828
2545950 2547165
2547337 2547918
2547995 2548245
2548328 2548544
2549108 2549398
2549505 2928125
2928203 3464554
Thioalkalivibrio_sulfidiphilus_HL_EbGr7_NC_011901.1
1 401811
401898 976261
976345 1015432
1015616 1076351
1076460 2445119
2445209 2461609
2461699 2462112
2462187 2545102
2545293 2545531
2545606 2545828
2545950 2547165
2547337 2547918
2547995 2548245
2548328 2548544
2549108 2549398
2549505 2928125
2928203 3464554
Thiohalobacter_thiocyanaticus_NZ_QZMU01000001.1
1 565681
565759 1695478
1695557 1843194
1843272 1994703
1994794 2071520
2071631 2362616
2363018 2363073
2363317 2363394
2363568 2364157
2364306 2364787
2364904 2365506
2365743 2366080
2366549 2398126
2398204 2399714
2399788 2408488
2408560 2733549
2733644 3056480
Thiohalobacter_thiocyanaticus_NZ_QZMU01000002.1
1 223509
223590 243135
Ulvibacter_litoralis_NZ_FNBA01000001.1
1 1322203
Ulvibacter_litoralis_NZ_FNBA01000002.1
1 907925
Ulvibacter_litoralis_NZ_FNBA01000003.1
1 542226
Ulvibacter_litoralis_NZ_FNBA01000004.1
1 284704
Ulvibacter_litoralis_NZ_FNBA01000005.1
1 204868
Ulvibacter_litoralis_NZ_FNBA01000006.1
1 124180
124263 124467
124546 126082
126164 148539
Ulvibacter_litoralis_NZ_FNBA01000007.1
1 84250
Ulvibacter_litoralis_NZ_FNBA01000008.1
1 60933
Ulvibacter_litoralis_NZ_FNBA01000009.1
1 44880
Ulvibacter_litoralis_NZ_FNBA01000010.1
1 26042
26130 28787
Ulvibacter_litoralis_NZ_FNBA01000011.1
1 23437
Ulvibacter_litoralis_NZ_FNBA01000012.1
1 14602
Ulvibacter_litoralis_NZ_FNBA01000013.1
1 12266
Ulvibacter_litoralis_NZ_FNBA01000014.1
1 10140
Ulvibacter_litoralis_NZ_FNBA01000015.1
1 8550
Ulvibacter_litoralis_NZ_FNBA01000016.1
1 6910
Ulvibacter_litoralis_NZ_FNBA01000017.1
1 6650
Ulvibacter_litoralis_NZ_FNBA01000018.1
1 837
1276 1651
1900 2181
3148 3465
3568 4037
4129 4274
4504 4816
5064 5224
5333 5431
5505 5725
5806 6424
Ulvibacter_litoralis_NZ_FNBA01000019.1
1 6040
Ulvibacter_litoralis_NZ_FNBA01000020.1
1 5195
Ulvibacter_litoralis_NZ_FNBA01000021.1
1 5145
Ulvibacter_litoralis_NZ_FNBA01000022.1
1 5083
Ulvibacter_litoralis_NZ_FNBA01000023.1
1 4762
Ulvibacter_litoralis_NZ_FNBA01000024.1
1 4501
Ulvibacter_litoralis_NZ_FNBA01000025.1
1 3866
Ulvibacter_litoralis_NZ_FNBA01000026.1
1 3823
Ulvibacter_litoralis_NZ_FNBA01000027.1
1 3660
Ulvibacter_litoralis_NZ_FNBA01000028.1
1 3487
Ulvibacter_litoralis_NZ_FNBA01000029.1
1 3480
Ulvibacter_litoralis_NZ_FNBA01000030.1
1 3171
Ulvibacter_litoralis_NZ_FNBA01000031.1
1 3121
Ulvibacter_litoralis_NZ_FNBA01000032.1
1 3054
Ulvibacter_litoralis_NZ_FNBA01000033.1
1 3041
Ulvibacter_litoralis_NZ_FNBA01000034.1
1 3040
Ulvibacter_litoralis_NZ_FNBA01000035.1
1 2969
Ulvibacter_litoralis_NZ_FNBA01000036.1
1 2895
Ulvibacter_litoralis_NZ_FNBA01000037.1
1 2885
Ulvibacter_litoralis_NZ_FNBA01000038.1
1 2674
Ulvibacter_litoralis_NZ_FNBA01000039.1
1 2619
Ulvibacter_litoralis_NZ_FNBA01000040.1
1 2408
Ulvibacter_litoralis_NZ_FNBA01000041.1
1 2034
Ulvibacter_litoralis_NZ_FNBA01000042.1
1 1882
Ulvibacter_litoralis_NZ_FNBA01000043.1
1 1834
Ulvibacter_litoralis_NZ_FNBA01000044.1
1 1807
Ulvibacter_litoralis_NZ_FNBA01000045.1
1 1701
Ulvibacter_litoralis_NZ_FNBA01000046.1
1 1535
Ulvibacter_litoralis_NZ_FNBA01000047.1
1 1489
Ulvibacter_litoralis_NZ_FNBA01000048.1
1 1398
Ulvibacter_litoralis_NZ_FNBA01000049.1
1 1316
Ulvibacter_litoralis_NZ_FNBA01000050.1
1 1213
Ulvibacter_litoralis_NZ_FNBA01000051.1
1 1208
Ulvibacter_litoralis_NZ_FNBA01000052.1
1 1175
Ulvibacter_litoralis_NZ_FNBA01000053.1
1 1067
Ulvibacter_litoralis_NZ_FNBA01000054.1
1 1033
Ulvibacter_litoralis_NZ_FNBA01000055.1
1 1012
Ulvibacter_litoralis_NZ_FNBA01000056.1
1 1009
Xanthomonas_citri_subsp._malvacearum_NZ_CP013006.1
1 538805
538920 1967454
1967528 1967626
1967700 5115800
5115916 5218607
Xanthomonas_citri_subsp._malvacearum_NZ_CP013007.1
1 59644
alpha_proteobacterium_BAL199_ABHC01000001.1
1 590463
alpha_proteobacterium_BAL199_ABHC01000002.1
1 443642
alpha_proteobacterium_BAL199_ABHC01000003.1
1 424353
alpha_proteobacterium_BAL199_ABHC01000004.1
1 273097
alpha_proteobacterium_BAL199_ABHC01000005.1
1 234998
alpha_proteobacterium_BAL199_ABHC01000006.1
1 143070
143147 226602
alpha_proteobacterium_BAL199_ABHC01000007.1
1 221551
alpha_proteobacterium_BAL199_ABHC01000008.1
1 216102
alpha_proteobacterium_BAL199_ABHC01000009.1
1 215304
alpha_proteobacterium_BAL199_ABHC01000010.1
1 210286
alpha_proteobacterium_BAL199_ABHC01000011.1
1 19091
19175 199905
alpha_proteobacterium_BAL199_ABHC01000012.1
1 176608
alpha_proteobacterium_BAL199_ABHC01000013.1
1 168339
alpha_proteobacterium_BAL199_ABHC01000014.1
1 149696
alpha_proteobacterium_BAL199_ABHC01000015.1
1 148027
alpha_proteobacterium_BAL199_ABHC01000016.1
1 115879
115958 147979
alpha_proteobacterium_BAL199_ABHC01000017.1
1 143277
alpha_proteobacterium_BAL199_ABHC01000018.1
1 139143
alpha_proteobacterium_BAL199_ABHC01000019.1
1 136168
alpha_proteobacterium_BAL199_ABHC01000020.1
1 132628
alpha_proteobacterium_BAL199_ABHC01000021.1
1 55066
55203 55591
55795 56389
56516 58249
58507 58679
58782 58876
59131 59333
59540 120727
alpha_proteobacterium_BAL199_ABHC01000022.1
1 116887
alpha_proteobacterium_BAL199_ABHC01000023.1
1 110413
alpha_proteobacterium_BAL199_ABHC01000024.1
1 106078
alpha_proteobacterium_BAL199_ABHC01000025.1
1 92886
alpha_proteobacterium_BAL199_ABHC01000026.1
1 82798
alpha_proteobacterium_BAL199_ABHC01000027.1
1 72401
alpha_proteobacterium_BAL199_ABHC01000028.1
1 53236
alpha_proteobacterium_BAL199_ABHC01000029.1
1 53038
alpha_proteobacterium_BAL199_ABHC01000030.1
1 52319
alpha_proteobacterium_BAL199_ABHC01000031.1
1 50194
alpha_proteobacterium_BAL199_ABHC01000032.1
1 44235
alpha_proteobacterium_BAL199_ABHC01000033.1
1 142
298 43426
alpha_proteobacterium_BAL199_ABHC01000034.1
1 41685
alpha_proteobacterium_BAL199_ABHC01000035.1
1 39358
alpha_proteobacterium_BAL199_ABHC01000036.1
1 38505
alpha_proteobacterium_BAL199_ABHC01000037.1
1 30741
alpha_proteobacterium_BAL199_ABHC01000038.1
1 29850
alpha_proteobacterium_BAL199_ABHC01000039.1
1 29178
alpha_proteobacterium_BAL199_ABHC01000040.1
1 27675
alpha_proteobacterium_BAL199_ABHC01000041.1
1 27506
alpha_proteobacterium_BAL199_ABHC01000042.1
1 27145
alpha_proteobacterium_BAL199_ABHC01000043.1
1 25153
alpha_proteobacterium_BAL199_ABHC01000044.1
1 20938
alpha_proteobacterium_BAL199_ABHC01000045.1
1 18784
alpha_proteobacterium_BAL199_ABHC01000046.1
1 18035
alpha_proteobacterium_BAL199_ABHC01000047.1
1 17528
alpha_proteobacterium_BAL199_ABHC01000048.1
1 15093
alpha_proteobacterium_BAL199_ABHC01000049.1
1 14592
alpha_proteobacterium_BAL199_ABHC01000050.1
1 12694
alpha_proteobacterium_BAL199_ABHC01000051.1
1 11925
alpha_proteobacterium_BAL199_ABHC01000052.1
1 11897
alpha_proteobacterium_BAL199_ABHC01000053.1
1 7555
alpha_proteobacterium_BAL199_ABHC01000054.1
1 6858
alpha_proteobacterium_BAL199_ABHC01000055.1
1 4960
alpha_proteobacterium_BAL199_ABHC01000056.1
1 4134
alpha_proteobacterium_BAL199_ABHC01000057.1
1 2915
alpha_proteobacterium_BAL199_ABHC01000058.1
1 2529
alpha_proteobacterium_BAL199_ABHC01000059.1
1 2102
alpha_proteobacterium_BAL199_ABHC01000060.1
1 1999
alpha_proteobacterium_BAL199_ABHC01000061.1
1 1982
alpha_proteobacterium_BAL199_ABHC01000062.1
1 1793
alpha_proteobacterium_BAL199_ABHC01000063.1
1 1781
alpha_proteobacterium_BAL199_ABHC01000064.1
1 1748
alpha_proteobacterium_BAL199_ABHC01000065.1
1 1678
alpha_proteobacterium_BAL199_ABHC01000066.1
1 1622
alpha_proteobacterium_BAL199_ABHC01000067.1
1 1478
alpha_proteobacterium_BAL199_ABHC01000068.1
1 1284
alpha_proteobacterium_BAL199_ABHC01000069.1
1 1195
endosymbiont_of_Ridgeia_piscesae_NZ_KQ557115.1
1 193609
193689 236298
endosymbiont_of_Ridgeia_piscesae_NZ_KQ557116.1
1 226020
226121 258673
endosymbiont_of_Ridgeia_piscesae_NZ_KQ557117.1
1 123561
123662 148708
endosymbiont_of_Ridgeia_piscesae_NZ_KQ557118.1
1 121109
121186 143916
endosymbiont_of_Ridgeia_piscesae_NZ_KQ557119.1
1 67297
67398 140256
140357 141821
endosymbiont_of_Ridgeia_piscesae_NZ_KQ557120.1
1 129329
endosymbiont_of_Ridgeia_piscesae_NZ_KQ557121.1
1 128918
endosymbiont_of_Ridgeia_piscesae_NZ_KQ557122.1
1 39364
39527 121888
endosymbiont_of_Ridgeia_piscesae_NZ_KQ557123.1
1 116303
endosymbiont_of_Ridgeia_piscesae_NZ_KQ557124.1
1 106960
endosymbiont_of_Ridgeia_piscesae_NZ_KQ557125.1
1 100141
endosymbiont_of_Ridgeia_piscesae_NZ_KQ557126.1
1 31615
31694 32019
32117 98883
endosymbiont_of_Ridgeia_piscesae_NZ_KQ557127.1
1 92967
endosymbiont_of_Ridgeia_piscesae_NZ_KQ557128.1
1 84272
endosymbiont_of_Ridgeia_piscesae_NZ_KQ557129.1
1 80487
80566 83967
endosymbiont_of_Ridgeia_piscesae_NZ_KQ557130.1
1 81406
endosymbiont_of_Ridgeia_piscesae_NZ_KQ557131.1
1 53758
53850 78739
endosymbiont_of_Ridgeia_piscesae_NZ_KQ557132.1
1 18189
18290 90666
endosymbiont_of_Ridgeia_piscesae_NZ_KQ557133.1
1 54987
55067 69375
endosymbiont_of_Ridgeia_piscesae_NZ_KQ557134.1
1 66380
endosymbiont_of_Ridgeia_piscesae_NZ_KQ557135.1
1 10397
10477 10643
10722 65704
endosymbiont_of_Ridgeia_piscesae_NZ_KQ557136.1
1 62143
endosymbiont_of_Ridgeia_piscesae_NZ_KQ557137.1
1 15326
15412 16714
16791 16951
17042 60685
endosymbiont_of_Ridgeia_piscesae_NZ_KQ557138.1
1 60376
endosymbiont_of_Ridgeia_piscesae_NZ_KQ557139.1
1 48644
48745 59266
endosymbiont_of_Ridgeia_piscesae_NZ_KQ557140.1
1 54739
endosymbiont_of_Ridgeia_piscesae_NZ_KQ557141.1
1 49804
endosymbiont_of_Ridgeia_piscesae_NZ_KQ557142.1
1 42210
endosymbiont_of_Ridgeia_piscesae_NZ_KQ557143.1
1 42005
42106 83407
endosymbiont_of_Ridgeia_piscesae_NZ_KQ557144.1
1 36399
endosymbiont_of_Ridgeia_piscesae_NZ_KQ557145.1
1 30637
endosymbiont_of_Ridgeia_piscesae_NZ_KQ557146.1
1 29596
endosymbiont_of_Ridgeia_piscesae_NZ_KQ557147.1
1 28691
endosymbiont_of_Ridgeia_piscesae_NZ_KQ557148.1
1 28354
endosymbiont_of_Ridgeia_piscesae_NZ_KQ557149.1
1 5584
5685 24941
endosymbiont_of_Ridgeia_piscesae_NZ_KQ557150.1
1 23769
endosymbiont_of_Ridgeia_piscesae_NZ_KQ557151.1
1 20147
endosymbiont_of_Ridgeia_piscesae_NZ_KQ557152.1
1 2161
2235 2326
2517 3002
3706 3804
3979 4350
4442 5017
5086 5617
6966 19620
endosymbiont_of_Ridgeia_piscesae_NZ_KQ557153.1
1 19470
endosymbiont_of_Ridgeia_piscesae_NZ_KQ557154.1
1 12666
12767 31993
endosymbiont_of_Ridgeia_piscesae_NZ_KQ557155.1
1 18389
endosymbiont_of_Ridgeia_piscesae_NZ_KQ557156.1
1 17457
endosymbiont_of_Ridgeia_piscesae_NZ_KQ557157.1
1 15999
endosymbiont_of_Ridgeia_piscesae_NZ_KQ557158.1
1 15613
endosymbiont_of_Ridgeia_piscesae_NZ_KQ557159.1
1 14587
endosymbiont_of_Ridgeia_piscesae_NZ_KQ557160.1
1 11684
endosymbiont_of_Ridgeia_piscesae_NZ_KQ557161.1
1 11225
endosymbiont_of_Ridgeia_piscesae_NZ_KQ557162.1
1 11078
endosymbiont_of_Ridgeia_piscesae_NZ_KQ557163.1
1 10448
endosymbiont_of_Ridgeia_piscesae_NZ_KQ557164.1
1 9030
9131 15991
endosymbiont_of_Ridgeia_piscesae_NZ_KQ557165.1
1 8947
endosymbiont_of_Ridgeia_piscesae_NZ_KQ557166.1
1 8235
endosymbiont_of_Ridgeia_piscesae_NZ_KQ557167.1
1 8093
endosymbiont_of_Ridgeia_piscesae_NZ_KQ557168.1
1 6553
endosymbiont_of_Ridgeia_piscesae_NZ_KQ557169.1
1 5386
endosymbiont_of_Ridgeia_piscesae_NZ_KQ557170.1
1 4098
endosymbiont_of_Ridgeia_piscesae_NZ_KQ557171.1
1 3795
endosymbiont_of_Ridgeia_piscesae_NZ_KQ557172.1
1 3291
endosymbiont_of_Ridgeia_piscesae_NZ_KQ557173.1
1 3282
endosymbiont_of_Ridgeia_piscesae_NZ_KQ557174.1
1 2942
endosymbiont_of_Ridgeia_piscesae_NZ_KQ557175.1
1 2812
endosymbiont_of_Ridgeia_piscesae_NZ_KQ557176.1
1 2347
endosymbiont_of_Ridgeia_piscesae_NZ_KQ557177.1
1 2271
endosymbiont_of_Ridgeia_piscesae_NZ_KQ557178.1
1 2184
endosymbiont_of_Ridgeia_piscesae_NZ_KQ557179.1
1 1670
endosymbiont_of_Ridgeia_piscesae_NZ_KQ557180.1
1 1629
endosymbiont_of_Ridgeia_piscesae_NZ_KQ557181.1
1 1598
endosymbiont_of_Ridgeia_piscesae_NZ_KQ557182.1
1 1475
endosymbiont_of_Ridgeia_piscesae_NZ_KQ557183.1
1 1463
endosymbiont_of_Ridgeia_piscesae_NZ_KQ557184.1
1 1441
endosymbiont_of_Ridgeia_piscesae_NZ_KQ557185.1
1 1438
endosymbiont_of_Ridgeia_piscesae_NZ_KQ557186.1
1 1398
endosymbiont_of_Ridgeia_piscesae_NZ_KQ557187.1
1 1290
endosymbiont_of_Ridgeia_piscesae_NZ_KQ557188.1
1 1209
endosymbiont_of_Ridgeia_piscesae_NZ_KQ557189.1
1 1195
endosymbiont_of_Ridgeia_piscesae_NZ_KQ557190.1
1 1105
endosymbiont_of_Ridgeia_piscesae_NZ_KQ557191.1
1 931
endosymbiont_of_Ridgeia_piscesae_NZ_KQ557192.1
1 914
1015 1458
endosymbiont_of_Ridgeia_piscesae_NZ_KQ557193.1
1 735
endosymbiont_of_Ridgeia_piscesae_NZ_KQ557194.1
1 690
endosymbiont_of_Ridgeia_piscesae_NZ_KQ557195.1
1 481
582 1136
endosymbiont_of_Ridgeia_piscesae_NZ_KQ557196.1
1 450
endosymbiont_of_Ridgeia_piscesae_NZ_KQ557197.1
1 410
endosymbiont_of_Ridgeia_piscesae_NZ_KQ557198.1
1 401
endosymbiont_of_Ridgeia_piscesae_NZ_KQ557199.1
1 314
endosymbiont_of_Ridgeia_piscesae_NZ_KQ557200.1
1 313
gamma_proteobacterium_SCGC_AB_629_P17_KB889757.1
1 205509
gamma_proteobacterium_SCGC_AB_629_P17_KB889758.1
1 86750
88666 92999
93015 139034
gamma_proteobacterium_SCGC_AB_629_P17_KB889759.1
1 36235
gamma_proteobacterium_SCGC_AB_629_P17_KB889760.1
1 7367
7938 35808
gamma_proteobacterium_SCGC_AB_629_P17_KB889761.1
1 33648
gamma_proteobacterium_SCGC_AB_629_P17_KB889762.1
1 25550
25552 32970
gamma_proteobacterium_SCGC_AB_629_P17_KB889763.1
1 3605
3607 24464
25590 28166
gamma_proteobacterium_SCGC_AB_629_P17_KB889764.1
1 28089
gamma_proteobacterium_SCGC_AB_629_P17_KB889765.1
1 26673
gamma_proteobacterium_SCGC_AB_629_P17_KB889766.1
1 24240
gamma_proteobacterium_SCGC_AB_629_P17_KB889767.1
1 23267
gamma_proteobacterium_SCGC_AB_629_P17_KB889768.1
1 21247
gamma_proteobacterium_SCGC_AB_629_P17_KB889769.1
1 23879
23881 24060
24062 110970
gamma_proteobacterium_SCGC_AB_629_P17_KB889770.1
1 20011
gamma_proteobacterium_SCGC_AB_629_P17_KB889771.1
1 18111
gamma_proteobacterium_SCGC_AB_629_P17_KB889772.1
1 13925
14000 16984
gamma_proteobacterium_SCGC_AB_629_P17_KB889773.1
1 6139
6145 16913
gamma_proteobacterium_SCGC_AB_629_P17_KB889774.1
1 15064
gamma_proteobacterium_SCGC_AB_629_P17_KB889775.1
1 13366
gamma_proteobacterium_SCGC_AB_629_P17_KB889776.1
1 4386
4388 10624
gamma_proteobacterium_SCGC_AB_629_P17_KB889777.1
1 10551
gamma_proteobacterium_SCGC_AB_629_P17_KB889778.1
1 9917
gamma_proteobacterium_SCGC_AB_629_P17_KB889779.1
1 9635
gamma_proteobacterium_SCGC_AB_629_P17_KB889780.1
1 38684
38686 43528
43530 59987
60564 60920
61331 62258
62986 63951
64588 87684
gamma_proteobacterium_SCGC_AB_629_P17_KB889781.1
1 7054
gamma_proteobacterium_SCGC_AB_629_P17_KB889782.1
1 4718
gamma_proteobacterium_SCGC_AB_629_P17_KB889783.1
1 4629
gamma_proteobacterium_SCGC_AB_629_P17_KB889784.1
1 4624
gamma_proteobacterium_SCGC_AB_629_P17_KB889785.1
1 4574
gamma_proteobacterium_SCGC_AB_629_P17_KB889786.1
1 3644
gamma_proteobacterium_SCGC_AB_629_P17_KB889787.1
1 3140
gamma_proteobacterium_SCGC_AB_629_P17_KB889788.1
1 3077
gamma_proteobacterium_SCGC_AB_629_P17_KB889789.1
1 1220
1355 2758
gamma_proteobacterium_SCGC_AB_629_P17_KB889790.1
1 2714
gamma_proteobacterium_SCGC_AB_629_P17_KB889791.1
1 74654
gamma_proteobacterium_SCGC_AB_629_P17_KB889792.1
1 2598
gamma_proteobacterium_SCGC_AB_629_P17_KB889793.1
1 2417
gamma_proteobacterium_SCGC_AB_629_P17_KB889794.1
1 2384
gamma_proteobacterium_SCGC_AB_629_P17_KB889795.1
1 2141
gamma_proteobacterium_SCGC_AB_629_P17_KB889796.1
1 2066
gamma_proteobacterium_SCGC_AB_629_P17_KB889797.1
1 2045
gamma_proteobacterium_SCGC_AB_629_P17_KB889798.1
1 2042
gamma_proteobacterium_SCGC_AB_629_P17_KB889799.1
1 2006
gamma_proteobacterium_SCGC_AB_629_P17_KB889800.1
1 1894
gamma_proteobacterium_SCGC_AB_629_P17_KB889801.1
1 1793
gamma_proteobacterium_SCGC_AB_629_P17_KB889802.1
1 73896
gamma_proteobacterium_SCGC_AB_629_P17_KB889803.1
1 1775
gamma_proteobacterium_SCGC_AB_629_P17_KB889804.1
1 1697
gamma_proteobacterium_SCGC_AB_629_P17_KB889805.1
1 1653
gamma_proteobacterium_SCGC_AB_629_P17_KB889806.1
1 1523
gamma_proteobacterium_SCGC_AB_629_P17_KB889807.1
1 1453
gamma_proteobacterium_SCGC_AB_629_P17_KB889808.1
1 1366
gamma_proteobacterium_SCGC_AB_629_P17_KB889809.1
1 1244
gamma_proteobacterium_SCGC_AB_629_P17_KB889810.1
133 1238
gamma_proteobacterium_SCGC_AB_629_P17_KB889811.1
1 1208
gamma_proteobacterium_SCGC_AB_629_P17_KB889812.1
1 1196
gamma_proteobacterium_SCGC_AB_629_P17_KB889813.1
1 63061
gamma_proteobacterium_SCGC_AB_629_P17_KB889814.1
1 1172
gamma_proteobacterium_SCGC_AB_629_P17_KB889815.1
1 1148
gamma_proteobacterium_SCGC_AB_629_P17_KB889816.1
1 1145
gamma_proteobacterium_SCGC_AB_629_P17_KB889817.1
1 1111
gamma_proteobacterium_SCGC_AB_629_P17_KB889818.1
1 1092
gamma_proteobacterium_SCGC_AB_629_P17_KB889819.1
1 1074
gamma_proteobacterium_SCGC_AB_629_P17_KB889820.1
1 1053
gamma_proteobacterium_SCGC_AB_629_P17_KB889821.1
1 1022
gamma_proteobacterium_SCGC_AB_629_P17_KB889822.1
1 1014
gamma_proteobacterium_SCGC_AB_629_P17_KB889823.1
1 1005
gamma_proteobacterium_SCGC_AB_629_P17_KB889824.1
1 48616
48618 62576
gamma_proteobacterium_SCGC_AB_629_P17_KB889825.1
1 32680
32766 47967
gamma_proteobacterium_SCGC_AB_629_P17_KB889826.1
1 39715
marine_gamma_proteobacterium_HTCC2080_AAVV01000001.1
1 121619
121709 177835
177912 230464
230569 230635
230813 230964
231046 232076
232143 232289
232367 247580
247799 248706
248773 391389
391568 465767
marine_gamma_proteobacterium_HTCC2080_AAVV01000002.1
1 85275
85353 91762
91856 315245
marine_gamma_proteobacterium_HTCC2080_AAVV01000003.1
1 308910
marine_gamma_proteobacterium_HTCC2080_AAVV01000004.1
1 308854
marine_gamma_proteobacterium_HTCC2080_AAVV01000005.1
1 102722
102805 278497
marine_gamma_proteobacterium_HTCC2080_AAVV01000006.1
1 64749
64835 158018
158109 274231
marine_gamma_proteobacterium_HTCC2080_AAVV01000007.1
1 250794
251006 262399
marine_gamma_proteobacterium_HTCC2080_AAVV01000008.1
1 205524
marine_gamma_proteobacterium_HTCC2080_AAVV01000009.1
1 173243
marine_gamma_proteobacterium_HTCC2080_AAVV01000010.1
1 122926
122996 159550
marine_gamma_proteobacterium_HTCC2080_AAVV01000011.1
1 68066
68187 97814
97894 140154
marine_gamma_proteobacterium_HTCC2080_AAVV01000012.1
1 131677
marine_gamma_proteobacterium_HTCC2080_AAVV01000013.1
1 20065
20159 23631
23796 97988
marine_gamma_proteobacterium_HTCC2080_AAVV01000014.1
1 97480
marine_gamma_proteobacterium_HTCC2080_AAVV01000015.1
1 29538
31157 31249
31404 32086
34622 79359
marine_gamma_proteobacterium_HTCC2080_AAVV01000016.1
1 61025
marine_gamma_proteobacterium_HTCC2080_AAVV01000017.1
1 42359
marine_gamma_proteobacterium_HTCC2080_AAVV01000018.1
1 41648
marine_gamma_proteobacterium_HTCC2080_AAVV01000019.1
1 38556
marine_gamma_proteobacterium_HTCC2080_AAVV01000020.1
1 15769
15852 35841
marine_gamma_proteobacterium_HTCC2080_AAVV01000021.1
1 25118
25219 33954
marine_gamma_proteobacterium_HTCC2080_AAVV01000022.1
1 15420
marine_gamma_proteobacterium_HTCC2080_AAVV01000023.1
1 4220
marine_gamma_proteobacterium_HTCC2080_AAVV01000024.1
1 3041
marine_gamma_proteobacterium_HTCC2080_AAVV01000025.1
1 1139
marine_metagenome_CAJIIY010000001.1
1 131270
marine_metagenome_CAJIIY010000002.1
1 59198
marine_metagenome_CAJIIY010000003.1
1 206311
marine_metagenome_CAJIIY010000004.1
1 196187
marine_metagenome_CAJIIY010000005.1
1 23377
marine_metagenome_CAJIIY010000006.1
1 46037
marine_metagenome_CAJIIY010000007.1
1 185994
marine_metagenome_CAJIIY010000008.1
1 128046
marine_metagenome_CAJIIY010000009.1
1 155440
marine_metagenome_CAJIIY010000010.1
1 91915
91992 564373
marine_metagenome_CAJIIY010000011.1
1 541725
marine_metagenome_CAJIIY010000012.1
1 85148
marine_metagenome_CAJIIY010000013.1
1 111571
marine_metagenome_CAJIIY010000014.1
1 287600
mine_drainage_metagenome_ABOZ01000001.1
1 21440
mine_drainage_metagenome_ABOZ01000002.1
1 20640
mine_drainage_metagenome_ABOZ01000003.1
1 14293
mine_drainage_metagenome_ABOZ01000004.1
1 10654
mine_drainage_metagenome_ABOZ01000005.1
1 10205
mine_drainage_metagenome_ABOZ01000006.1
1 9783
mine_drainage_metagenome_ABOZ01000007.1
1 9650
mine_drainage_metagenome_ABOZ01000008.1
1 8066
mine_drainage_metagenome_ABOZ01000009.1
1 7846
mine_drainage_metagenome_ABOZ01000010.1
1 7062
mine_drainage_metagenome_ABOZ01000011.1
1 6342
mine_drainage_metagenome_ABOZ01000012.1
1 6092
mine_drainage_metagenome_ABOZ01000013.1
1 5484
mine_drainage_metagenome_ABOZ01000014.1
1 5328
mine_drainage_metagenome_ABOZ01000015.1
1 5305
mine_drainage_metagenome_ABOZ01000016.1
1 5284
mine_drainage_metagenome_ABOZ01000017.1
1 5080
mine_drainage_metagenome_ABOZ01000018.1
1 4775
mine_drainage_metagenome_ABOZ01000019.1
1 4659
mine_drainage_metagenome_ABOZ01000020.1
1 4468
mine_drainage_metagenome_ABOZ01000021.1
1 1390
1685 4328
mine_drainage_metagenome_ABOZ01000022.1
1 4213
mine_drainage_metagenome_ABOZ01000023.1
1 4152
mine_drainage_metagenome_ABOZ01000024.1
1 4124
mine_drainage_metagenome_ABOZ01000025.1
1 3949
mine_drainage_metagenome_ABOZ01000026.1
1 3671
mine_drainage_metagenome_ABOZ01000027.1
1 3563
mine_drainage_metagenome_ABOZ01000028.1
1 3549
mine_drainage_metagenome_ABOZ01000029.1
1 3540
mine_drainage_metagenome_ABOZ01000030.1
1 3397
mine_drainage_metagenome_ABOZ01000031.1
1 3393
mine_drainage_metagenome_ABOZ01000032.1
1 3339
mine_drainage_metagenome_ABOZ01000033.1
1 3304
mine_drainage_metagenome_ABOZ01000034.1
1 2544
2546 3200
mine_drainage_metagenome_ABOZ01000035.1
1 3188
mine_drainage_metagenome_ABOZ01000036.1
1 3096
mine_drainage_metagenome_ABOZ01000037.1
1 1223
1390 3046
mine_drainage_metagenome_ABOZ01000038.1
1 2993
mine_drainage_metagenome_ABOZ01000039.1
1 2803
mine_drainage_metagenome_ABOZ01000040.1
1 2767
mine_drainage_metagenome_ABOZ01000041.1
1 2754
mine_drainage_metagenome_ABOZ01000042.1
1 2618
mine_drainage_metagenome_ABOZ01000043.1
1 2609
mine_drainage_metagenome_ABOZ01000044.1
1 2438
mine_drainage_metagenome_ABOZ01000045.1
1 2320
mine_drainage_metagenome_ABOZ01000046.1
1 2299
mine_drainage_metagenome_ABOZ01000047.1
1 853
956 2299
mine_drainage_metagenome_ABOZ01000048.1
1 2188
mine_drainage_metagenome_ABOZ01000049.1
1 2114
mine_drainage_metagenome_ABOZ01000050.1
1 2060
mine_drainage_metagenome_ABOZ01000051.1
1 1976
mine_drainage_metagenome_ABOZ01000052.1
1 1932
mine_drainage_metagenome_ABOZ01000053.1
1 1848
mine_drainage_metagenome_ABOZ01000054.1
1 1753
mine_drainage_metagenome_ABOZ01000055.1
1 1736
mine_drainage_metagenome_ABOZ01000056.1
1 1727
mine_drainage_metagenome_ABOZ01000057.1
1 1725
mine_drainage_metagenome_ABOZ01000058.1
1 1709
mine_drainage_metagenome_ABOZ01000059.1
1 1706
mine_drainage_metagenome_ABOZ01000060.1
1 1690
mine_drainage_metagenome_ABOZ01000061.1
1 1654
mine_drainage_metagenome_ABOZ01000062.1
1 1602
mine_drainage_metagenome_ABOZ01000063.1
1 1599
mine_drainage_metagenome_ABOZ01000064.1
1 1598
mine_drainage_metagenome_ABOZ01000065.1
1 1532
mine_drainage_metagenome_ABOZ01000066.1
1 1517
mine_drainage_metagenome_ABOZ01000067.1
1 1512
mine_drainage_metagenome_ABOZ01000068.1
1 1488
mine_drainage_metagenome_ABOZ01000069.1
1 1450
mine_drainage_metagenome_ABOZ01000070.1
1 1447
mine_drainage_metagenome_ABOZ01000071.1
1 1414
mine_drainage_metagenome_ABOZ01000072.1
1 1410
mine_drainage_metagenome_ABOZ01000073.1
1 1348
mine_drainage_metagenome_ABOZ01000074.1
1 1337
mine_drainage_metagenome_ABOZ01000075.1
1 1327
mine_drainage_metagenome_ABOZ01000076.1
1 1326
mine_drainage_metagenome_ABOZ01000077.1
1 1319
mine_drainage_metagenome_ABOZ01000078.1
1 1317
mine_drainage_metagenome_ABOZ01000079.1
1 1301
mine_drainage_metagenome_ABOZ01000080.1
1 1294
mine_drainage_metagenome_ABOZ01000081.1
1 1294
mine_drainage_metagenome_ABOZ01000082.1
1 1254
mine_drainage_metagenome_ABOZ01000083.1
1 1238
mine_drainage_metagenome_ABOZ01000084.1
1 1214
mine_drainage_metagenome_ABOZ01000085.1
1 1198
mine_drainage_metagenome_ABOZ01000086.1
1 1194
mine_drainage_metagenome_ABOZ01000087.1
1 1156
mine_drainage_metagenome_ABOZ01000088.1
1 1134
mine_drainage_metagenome_ABOZ01000089.1
1 1103
mine_drainage_metagenome_ABOZ01000090.1
1 1098
mine_drainage_metagenome_ABOZ01000091.1
1 1090
mine_drainage_metagenome_ABOZ01000092.1
1 1086
mine_drainage_metagenome_ABOZ01000093.1
1 1072
mine_drainage_metagenome_ABOZ01000094.1
1 1052
mine_drainage_metagenome_ABOZ01000095.1
1 1044
mine_drainage_metagenome_ABOZ01000096.1
1 1032
mine_drainage_metagenome_ABOZ01000097.1
1 1026
mine_drainage_metagenome_ABOZ01000098.1
1 1022
mine_drainage_metagenome_ABOZ01000099.1
1 1015
mine_drainage_metagenome_ABOZ01000100.1
1 974
mine_drainage_metagenome_ABOZ01000101.1
1 972
mine_drainage_metagenome_ABOZ01000102.1
1 972
mine_drainage_metagenome_ABOZ01000103.1
1 952
mine_drainage_metagenome_ABOZ01000104.1
1 923
mine_drainage_metagenome_ABOZ01000105.1
1 871
mine_drainage_metagenome_ABOZ01000106.1
1 844
mine_drainage_metagenome_ABOZ01000107.1
1 841
mine_drainage_metagenome_ABOZ01000108.1
1 828
mine_drainage_metagenome_ABOZ01000109.1
1 827
mine_drainage_metagenome_ABOZ01000110.1
1 819
mine_drainage_metagenome_ABOZ01000111.1
1 814
mine_drainage_metagenome_ABOZ01000112.1
1 809
mine_drainage_metagenome_ABOZ01000113.1
1 809
mine_drainage_metagenome_ABOZ01000114.1
1 803
mine_drainage_metagenome_ABOZ01000115.1
1 802
mine_drainage_metagenome_ABOZ01000116.1
1 795
mine_drainage_metagenome_ABOZ01000117.1
1 794
mine_drainage_metagenome_ABOZ01000118.1
1 788
mine_drainage_metagenome_ABOZ01000119.1
1 788
mine_drainage_metagenome_ABOZ01000120.1
1 785
mine_drainage_metagenome_ABOZ01000121.1
1 781
mine_drainage_metagenome_ABOZ01000122.1
1 774
mine_drainage_metagenome_ABOZ01000123.1
1 773
mine_drainage_metagenome_ABOZ01000124.1
1 772
mine_drainage_metagenome_ABOZ01000125.1
1 771
mine_drainage_metagenome_ABOZ01000126.1
1 765
mine_drainage_metagenome_ABOZ01000127.1
1 759
mine_drainage_metagenome_ABOZ01000128.1
1 748
mine_drainage_metagenome_ABOZ01000129.1
1 744
mine_drainage_metagenome_ABOZ01000130.1
1 739
mine_drainage_metagenome_ABOZ01000131.1
1 737
mine_drainage_metagenome_ABOZ01000132.1
1 728
mine_drainage_metagenome_ABOZ01000133.1
1 724
mine_drainage_metagenome_ABOZ01000134.1
1 720
mine_drainage_metagenome_ABOZ01000135.1
1 715
mine_drainage_metagenome_ABOZ01000136.1
1 714
mine_drainage_metagenome_ABOZ01000137.1
1 713
mine_drainage_metagenome_ABOZ01000138.1
1 707
mine_drainage_metagenome_ABOZ01000139.1
1 705
mine_drainage_metagenome_ABOZ01000140.1
1 698
mine_drainage_metagenome_ABOZ01000141.1
1 693
mine_drainage_metagenome_ABOZ01000142.1
1 690
mine_drainage_metagenome_ABOZ01000143.1
1 690
mine_drainage_metagenome_ABOZ01000144.1
1 688
mine_drainage_metagenome_ABOZ01000145.1
1 686
mine_drainage_metagenome_ABOZ01000146.1
1 674
mine_drainage_metagenome_ABOZ01000147.1
1 667
mine_drainage_metagenome_ABOZ01000148.1
1 664
mine_drainage_metagenome_ABOZ01000149.1
1 653
mine_drainage_metagenome_ABOZ01000150.1
1 653
mine_drainage_metagenome_ABOZ01000151.1
1 652
mine_drainage_metagenome_ABOZ01000152.1
1 648
mine_drainage_metagenome_ABOZ01000153.1
1 643
mine_drainage_metagenome_ABOZ01000154.1
1 641
mine_drainage_metagenome_ABOZ01000155.1
1 637
mine_drainage_metagenome_ABOZ01000156.1
1 629
mine_drainage_metagenome_ABOZ01000157.1
1 579
mine_drainage_metagenome_ABOZ01000158.1
1 546
mine_drainage_metagenome_ABOZ01000159.1
1 514
mine_drainage_metagenome_ABOZ01000160.1
1 507
mine_drainage_metagenome_ABOZ01000161.1
1 443
mine_drainage_metagenome_ABOZ01000162.1
1 418
mine_drainage_metagenome_ABOZ01000163.1
1 415
